1111 11111111 99

tino, & 11111111111111111111111111111 aliquod indi-

* Ι1111111111 ρ1111111111,111.111111111111111111111,111111111

111111111111111111111 gratia: (111111 111111111111111ξ

. 11 1111 11111111 111 1111111111111 111111111111111

non 1111111111 111111 1111111111. 111, 3111111111 11111
111111 11111111 11111111 11 1111111 .

In 1111111111 11111 vbi Latini loquuntur in infini-
11111 11111111 1111111111,111111 (11111111111111 1111111111Ρ1-
1,111111 Germani 111 loquunt,ur 11111 1111 1111111111
111111 11111111111111 1111 1111 1111111 11 111 111111
11 1111 1111111111 111111 111111 occiderit Petrum cum
additione coniunctionis causalis 111111 11111111 111111.

1113] 1111111111 huiusmodi 1111 111.

Aeliu& 111 1111111111,

8111111111.

111 1111111111 1111111 1111111.

cr 11111111111111 11111111 111 111111.

¹⁰⁹¹ 1 1 11111111 1 111111 er 111.

. Ρ11111111111.
11 1111 1111 1111111111 1111111111.

Perfectum.

81111111111111

(52- 111 111 111111111111 genum,
1111111111 111
Ρ11ιν1111111.1

11 1111 1111 11111 11111111111111111111.

Ν11111111111.
Ρ11111111.

ᾧ, 1111 11111111 1111111.
11 1111111 111

(11 1111 1111 1111111111 1111111.

 

